<?xml version="1.0"?>
<opencv_storage>
<k>
  -2.3763880133628845e-01 9.9511027336120605e-02 0. 0. 0.</k>
</opencv_storage>
