<?xml version="1.0"?>
<opencv_storage>
<k>
  -2.5186657905578613e-01 1.0924571752548218e-01 0. 0. 0.</k>
</opencv_storage>
