<?xml version="1.0"?>
<opencv_storage>
<k>
  -2.3990631103515625e-01 9.8983034491539001e-02 0. 0. 0.</k>
</opencv_storage>
