<?xml version="1.0"?>
<opencv_storage>
<k>
  -2.5046586990356445e-01 1.1070427298545837e-01 0. 0. 0.</k>
</opencv_storage>
