<?xml version="1.0"?>
<opencv_storage>
<H type_id="opencv-matrix">
  <rows>3</rows>
  <cols>3</cols>
  <dt>d</dt>
  <data>
    2.0191960041789554e-03 -1.6052608233222887e-01
    1.2734261519955153e+02 1.5204673708683167e-01
    -3.9813541131832123e-18 -5.7017526407561888e+01
    2.8845657202556159e-05 1.4320159823352188e-05 1.</data></H>
</opencv_storage>
