<?xml version="1.0"?>
<opencv_storage>
<H type_id="opencv-matrix">
  <rows>3</rows>
  <cols>3</cols>
  <dt>d</dt>
  <data>
    -6.1183728200268689e-04 -1.4592319175764962e-01
    1.1899684481399171e+02 1.4260375216310606e-01
    -3.6102215737495208e-03 -4.7257800400381207e+01
    -2.8594960796011454e-07 -3.4380649530277504e-05 1.</data></H>
</opencv_storage>
