<?xml version="1.0"?>
<opencv_storage>
<k>
  -2.5089433789253235e-01 1.0598576813936234e-01 0. 0. 0.</k>
</opencv_storage>
