<?xml version="1.0"?>
<opencv_storage>
<K type_id="opencv-matrix">
  <rows>3</rows>
  <cols>3</cols>
  <dt>f</dt>
  <data>
    1.20276733e+03 0. 7.19500000e+02 0. 1.20276733e+03 5.39500000e+02 0.
    0. 1.</data></K>
</opencv_storage>
