<?xml version="1.0"?>
<opencv_storage>
<H type_id="opencv-matrix">
  <rows>3</rows>
  <cols>3</cols>
  <dt>d</dt>
  <data>
    -3.3395254026443382e-04 -1.5795955154506811e-01
    1.2427876809670060e+02 1.4636504466192524e-01
    -6.6378705062097539e-04 -5.3194234769138482e+01
    4.6113961661955522e-06 -1.8923024248062507e-05 1.</data></H>
</opencv_storage>
