<?xml version="1.0"?>
<opencv_storage>
<H type_id="opencv-matrix">
  <rows>3</rows>
  <cols>3</cols>
  <dt>d</dt>
  <data>
    6.6363420336551027e-04 -1.5960402590939424e-01
    1.3270195439046668e+02 1.6060506571299710e-01 3.3740560023738696e-04
    -6.0347353441658655e+01 1.3365941479252709e-05
    2.2269387972774258e-05 1.</data></H>
</opencv_storage>
