<?xml version="1.0"?>
<opencv_storage>
<H type_id="opencv-matrix">
  <rows>3</rows>
  <cols>3</cols>
  <dt>d</dt>
  <data>
    -9.8294740772005744e-04 -1.5596098869158617e-01
    1.2746010095560651e+02 1.5530572476334595e-01
    -9.7472212194568426e-04 -5.4805050935892119e+01
    -4.4776416188900352e-06 -1.2996294959276447e-05 1.</data></H>
</opencv_storage>
